
    - Number, len(path) - 


- 0, 3 -
[(0, 0), (0, 1), (1, 1)]

- 1, 0 -

- 2, 0 -

- 3, 0 -

- 4, 0 -

- 5, 3 -
[(0, 0), (0, 1), (1, 1)]

- 6, 0 -

- 7, 1 -
[(0, 0)]

- 8, 0 -

- 9, 3 -
[(0, 0), (0, 1), (0, 2)]

- 10, 0 -

- 11, 3 -
[(0, 0), (0, 1), (0, 2)]

- 12, 3 -
[(0, 0), (0, 1), (0, 2)]

- 13, 3 -
[(0, 0), (1, 0), (2, 0)]

- 14, 0 -

- 15, 0 -

- 16, 11 -
[(0, 0), (0, 1), (0, 2), (0, 3), (0, 4), (1, 4), (1, 5), (2, 5), (3, 5), (3, 4), (4, 4)]

- 17, 25 -
[(0, 0), (0, 1), (1, 1), (1, 2), (0, 2), (0, 3), (1, 3), (2, 3), (2, 4), (3, 4), (4, 4), (5, 4), (6, 4), (6, 5), (7, 5), (8, 5), (8, 6), (8, 7), (7, 7), (7, 6), (6, 6), (5, 6), (4, 6), (3, 6), (2, 6)]

- 18, 0 -

- 19, 0 -

- 20, 0 -

- 21, 0 -

- 22, 0 -

- 23, 7 -
[(0, 0), (1, 0), (2, 0), (2, 1), (3, 1), (3, 0), (4, 0)]

- 24, 3 -
[(0, 0), (1, 0), (1, 1)]

- 25, 1 -
[(0, 0)]

- 26, 0 -

- 27, 8 -
[(0, 0), (1, 0), (2, 0), (2, 1), (3, 1), (4, 1), (5, 1), (6, 1)]

- 28, 0 -

- 29, 0 -

- 30, 1 -
[(0, 0)]

- 31, 0 -

- 32, 0 -

- 33, 0 -

- 34, 1 -
[(0, 0)]

- 35, 1 -
[(0, 0)]

- 36, 3 -
[(0, 0), (1, 0), (1, 1)]

- 37, 0 -

- 38, 11 -
[(0, 0), (0, 1), (1, 1), (1, 2), (1, 3), (2, 3), (2, 4), (1, 4), (0, 4), (0, 5), (0, 6)]

- 39, 0 -

- 40, 1 -
[(0, 0)]

- 41, 5 -
[(0, 0), (0, 1), (1, 1), (2, 1), (2, 0)]

- 42, 0 -

- 43, 0 -

- 44, 1 -
[(0, 0)]

- 45, 4 -
[(0, 0), (0, 1), (0, 2), (0, 3)]

- 46, 0 -

- 47, 1 -
[(0, 0)]

- 48, 1 -
[(0, 0)]

- 49, 0 -

