# No path, not output.
# From 0 to 200.

    - Number, len(path) - 


- 0, 3 -
[(0, 0), (0, 1), (1, 1)]

- 5, 3 -
[(0, 0), (0, 1), (1, 1)]

- 7, 1 -
[(0, 0)]

- 9, 3 -
[(0, 0), (0, 1), (0, 2)]

- 11, 3 -
[(0, 0), (0, 1), (0, 2)]

- 12, 3 -
[(0, 0), (0, 1), (0, 2)]

- 13, 3 -
[(0, 0), (1, 0), (2, 0)]

- 16, 11 -
[(0, 0), (0, 1), (0, 2), (0, 3), (0, 4), (1, 4), (1, 5), (2, 5), (3, 5), (3, 4), (4, 4)]

- 17, 25 -
[(0, 0), (0, 1), (1, 1), (1, 2), (0, 2), (0, 3), (1, 3), (2, 3), (2, 4), (3, 4), (4, 4), (5, 4), (6, 4), (6, 5), (7, 5), (8, 5), (8, 6), (8, 7), (7, 7), (7, 6), (6, 6), (5, 6), (4, 6), (3, 6), (2, 6)]

- 23, 7 -
[(0, 0), (1, 0), (2, 0), (2, 1), (3, 1), (3, 0), (4, 0)]

- 24, 3 -
[(0, 0), (1, 0), (1, 1)]

- 25, 1 -
[(0, 0)]

- 27, 8 -
[(0, 0), (1, 0), (2, 0), (2, 1), (3, 1), (4, 1), (5, 1), (6, 1)]

- 30, 1 -
[(0, 0)]

- 34, 1 -
[(0, 0)]

- 35, 1 -
[(0, 0)]

- 36, 3 -
[(0, 0), (1, 0), (1, 1)]

- 38, 11 -
[(0, 0), (0, 1), (1, 1), (1, 2), (1, 3), (2, 3), (2, 4), (1, 4), (0, 4), (0, 5), (0, 6)]

- 40, 1 -
[(0, 0)]

- 41, 5 -
[(0, 0), (0, 1), (1, 1), (2, 1), (2, 0)]

- 44, 1 -
[(0, 0)]

- 45, 4 -
[(0, 0), (0, 1), (0, 2), (0, 3)]

- 47, 1 -
[(0, 0)]

- 48, 1 -
[(0, 0)]

- 50, 3 -
[(0, 0), (0, 1), (0, 2)]

- 52, 8 -
[(0, 0), (1, 0), (1, 1), (2, 1), (3, 1), (3, 2), (4, 2), (4, 1)]

- 60, 2 -
[(0, 0), (0, 1)]

- 61, 1 -
[(0, 0)]

- 63, 5 -
[(0, 0), (0, 1), (0, 2), (0, 3), (0, 4)]

- 64, 9 -
[(0, 0), (1, 0), (2, 0), (3, 0), (3, 1), (3, 2), (3, 3), (3, 4), (4, 4)]

- 65, 15 -
[(0, 0), (0, 1), (0, 2), (1, 2), (2, 2), (2, 3), (3, 3), (3, 4), (2, 4), (1, 4), (0, 4), (0, 5), (0, 6), (0, 7), (0, 8)]

- 68, 1 -
[(0, 0)]

- 71, 1 -
[(0, 0)]

- 73, 3 -
[(0, 0), (1, 0), (2, 0)]

- 75, 31 -
[(0, 0), (1, 0), (1, 1), (0, 1), (0, 2), (1, 2), (1, 3), (1, 4), (2, 4), (2, 3), (3, 3), (3, 2), (4, 2), (4, 3), (5, 3), (5, 2), (5, 1), (6, 1), (6, 2), (6, 3), (7, 3), (7, 4), (6, 4), (6, 5), (7, 5), (7, 6), (8, 6), (8, 7), (9, 7), (9, 6), (9, 5)]

- 76, 7 -
[(0, 0), (1, 0), (2, 0), (2, 1), (1, 1), (0, 1), (0, 2)]

- 77, 3 -
[(0, 0), (0, 1), (1, 1)]

- 80, 8 -
[(0, 0), (0, 1), (0, 2), (0, 3), (0, 4), (0, 5), (0, 6), (1, 6)]

- 81, 8 -
[(0, 0), (1, 0), (1, 1), (0, 1), (0, 2), (0, 3), (1, 3), (2, 3)]

- 83, 26 -
[(0, 0), (1, 0), (2, 0), (3, 0), (4, 0), (5, 0), (5, 1), (4, 1), (3, 1), (3, 2), (3, 3), (4, 3), (5, 3), (6, 3), (7, 3), (7, 2), (6, 2), (6, 1), (7, 1), (8, 1), (8, 2), (8, 3), (9, 3), (9, 4), (9, 5), (8, 5)]

- 84, 7 -
[(0, 0), (1, 0), (1, 1), (1, 2), (2, 2), (2, 1), (3, 1)]

- 88, 1 -
[(0, 0)]

- 92, 2 -
[(0, 0), (0, 1)]

- 93, 2 -
[(0, 0), (0, 1)]

- 96, 10 -
[(0, 0), (0, 1), (0, 2), (1, 2), (1, 3), (2, 3), (2, 4), (1, 4), (1, 5), (0, 5)]

- 98, 2 -
[(0, 0), (1, 0)]

- 99, 4 -
[(0, 0), (0, 1), (1, 1), (2, 1)]

- 103, 1 -
[(0, 0)]

- 105, 1 -
[(0, 0)]

- 106, 5 -
[(0, 0), (1, 0), (1, 1), (2, 1), (2, 0)]

- 109, 1 -
[(0, 0)]

- 110, 1 -
[(0, 0)]

- 112, 10 -
[(0, 0), (0, 1), (1, 1), (2, 1), (2, 2), (1, 2), (0, 2), (0, 3), (1, 3), (1, 4)]

- 115, 1 -
[(0, 0)]

- 116, 1 -
[(0, 0)]

- 119, 1 -
[(0, 0)]

- 124, 6 -
[(0, 0), (1, 0), (2, 0), (2, 1), (1, 1), (1, 2)]

- 129, 1 -
[(0, 0)]

- 130, 9 -
[(0, 0), (0, 1), (0, 2), (1, 2), (2, 2), (2, 3), (2, 4), (3, 4), (3, 5)]

- 131, 2 -
[(0, 0), (0, 1)]

- 132, 13 -
[(0, 0), (1, 0), (2, 0), (3, 0), (3, 1), (4, 1), (5, 1), (6, 1), (7, 1), (7, 2), (7, 3), (6, 3), (6, 4)]

- 133, 7 -
[(0, 0), (0, 1), (0, 2), (0, 3), (1, 3), (1, 2), (2, 2)]

- 134, 4 -
[(0, 0), (1, 0), (2, 0), (2, 1)]

- 135, 23 -
[(0, 0), (0, 1), (1, 1), (1, 2), (0, 2), (0, 3), (1, 3), (1, 4), (2, 4), (2, 5), (1, 5), (0, 5), (0, 6), (1, 6), (1, 7), (2, 7), (2, 6), (3, 6), (3, 7), (3, 8), (4, 8), (4, 7), (5, 7)]

- 136, 1 -
[(0, 0)]

- 142, 1 -
[(0, 0)]

- 144, 4 -
[(0, 0), (1, 0), (2, 0), (3, 0)]

- 145, 1 -
[(0, 0)]

- 148, 3 -
[(0, 0), (1, 0), (2, 0)]

- 150, 12 -
[(0, 0), (0, 1), (1, 1), (2, 1), (3, 1), (3, 2), (2, 2), (1, 2), (1, 3), (1, 4), (0, 4), (0, 5)]

- 151, 1 -
[(0, 0)]

- 152, 10 -
[(0, 0), (1, 0), (2, 0), (2, 1), (2, 2), (3, 2), (4, 2), (5, 2), (5, 1), (4, 1)]

- 153, 1 -
[(0, 0)]

- 155, 4 -
[(0, 0), (0, 1), (0, 2), (0, 3)]

- 156, 2 -
[(0, 0), (0, 1)]

- 157, 1 -
[(0, 0)]

- 159, 3 -
[(0, 0), (1, 0), (1, 1)]

- 163, 1 -
[(0, 0)]

- 169, 3 -
[(0, 0), (1, 0), (2, 0)]

- 170, 6 -
[(0, 0), (0, 1), (0, 2), (1, 2), (1, 1), (2, 1)]

- 171, 2 -
[(0, 0), (0, 1)]

- 172, 1 -
[(0, 0)]

- 173, 13 -
[(0, 0), (0, 1), (1, 1), (2, 1), (3, 1), (4, 1), (4, 0), (5, 0), (6, 0), (6, 1), (7, 1), (8, 1), (8, 0)]

- 175, 11 -
[(0, 0), (1, 0), (2, 0), (3, 0), (3, 1), (2, 1), (2, 2), (3, 2), (3, 3), (3, 4), (3, 5)]

- 182, 4 -
[(0, 0), (0, 1), (1, 1), (1, 0)]

- 184, 3 -
[(0, 0), (1, 0), (1, 1)]

- 186, 5 -
[(0, 0), (1, 0), (1, 1), (0, 1), (0, 2)]

- 187, 3 -
[(0, 0), (0, 1), (1, 1)]

- 189, 4 -
[(0, 0), (0, 1), (1, 1), (1, 0)]

- 192, 16 -
[(0, 0), (1, 0), (2, 0), (2, 1), (2, 2), (2, 3), (1, 3), (0, 3), (0, 4), (0, 5), (0, 6), (0, 7), (1, 7), (1, 6), (2, 6), (3, 6)]

- 193, 1 -
[(0, 0)]

- 195, 1 -
[(0, 0)]

- 199, 7 -
[(0, 0), (0, 1), (0, 2), (0, 3), (1, 3), (2, 3), (3, 3)]

